Ethanolamine products:


Oxybenzone products:
126
182
234
373
1344
1361
1364
1375
1405
1427
1443
1453

Resorcinol products:
1060

Formaldehyde products:


Diethanol products:


Silane products:
8
24
37
42
73
99
105
134
194
200
286
398
485
495
527
538
581
619
672
687
695
712
715
746
777
785
790
849
871
888
940
948
951
997
1067
1071
1074
1081
1090
1124
1140
1148
1172
1215
1226
1255
1261
1272
1332

Siloxane products:
1209
1274
1276

Octinaxate products:


Parfum products:
5
41
43
49
59
64
71
76
99
100
107
112
128
149
164
165
175
183
189
196
203
217
227
229
230
245
267
287
295
304
323
329
333
338
344
370
380
381
389
400
401
411
420
423
448
472
482
495
501
520
524
525
541
547
550
554
566
570
577
584
598
600
603
610
621
634
637
642
646
674
686
688
700
702
732
739
779
782
788
790
814
816
823
833
834
836
838
841
867
872
874
889
895
899
910
917
919
947
949
952
953
955
976
977
990
993
1036
1039
1042
1050
1070
1095
1097
1109
1118
1125
1129
1152
1158
1167
1201
1225
1251
1286
1338
1376
1384
1388
1430
1468
1470

Fragrance products:
0
3
5
9
12
18
19
20
22
23
24
29
30
31
36
37
40
41
43
45
47
49
52
59
60
61
64
66
68
71
72
73
76
77
78
79
84
87
88
94
96
99
100
101
102
107
112
113
115
120
122
127
128
129
130
131
135
137
146
149
151
162
164
165
167
170
171
174
175
176
177
178
179
180
183
184
187
189
190
196
197
198
201
203
208
209
211
212
214
216
217
219
223
224
226
227
229
230
233
236
238
244
245
247
248
256
262
265
267
269
278
281
285
286
287
290
291
293
295
297
303
304
308
309
315
320
323
326
327
329
331
333
337
338
340
344
348
350
352
355
357
359
361
365
369
370
371
374
379
380
381
382
383
384
389
393
398
399
400
401
405
407
409
410
411
413
420
423
431
435
436
439
440
441
442
444
446
448
456
468
472
473
476
478
482
484
485
486
488
489
494
495
497
499
501
502
503
507
509
514
515
520
522
524
525
526
535
537
540
541
542
545
547
550
554
556
559
564
566
567
570
573
576
577
582
583
584
589
591
592
598
600
601
603
608
610
612
613
619
620
621
623
624
629
634
635
637
640
641
642
643
645
646
648
660
662
669
672
674
677
679
683
686
688
690
692
693
700
702
710
715
717
723
728
730
731
732
734
737
738
739
748
751
753
754
760
761
763
765
779
782
785
788
790
791
797
798
799
802
804
808
811
812
814
816
823
826
830
833
834
836
838
840
848
851
852
853
856
864
866
867
869
871
872
874
879
882
883
884
885
887
888
889
890
893
894
895
896
899
900
901
906
908
910
916
917
919
923
927
931
934
935
940
947
949
952
953
955
957
961
962
963
966
967
968
973
974
976
977
978
980
986
989
990
991
992
993
997
999
1007
1009
1012
1013
1028
1036
1040
1041
1042
1043
1049
1051
1052
1054
1056
1061
1063
1064
1066
1070
1073
1079
1082
1083
1084
1088
1093
1095
1097
1099
1100
1101
1104
1117
1118
1120
1121
1123
1125
1126
1129
1132
1138
1141
1143
1145
1149
1152
1153
1158
1167
1169
1170
1172
1174
1181
1185
1190
1197
1201
1225
1236
1247
1249
1251
1252
1254
1264
1286
1292
1295
1297
1298
1304
1308
1309
1319
1322
1326
1327
1332
1334
1336
1337
1338
1339
1340
1342
1360
1361
1365
1366
1374
1376
1384
1388
1389
1391
1394
1402
1405
1410
1413
1414
1417
1418
1427
1431
1438
1445
1447
1448
1449
1451
1453
1454
1459
1467
1468
1470

Triclosan products:
361

Octinoxates products:


Homosalate products:
25
114
144
161
373
603
1341
1345
1352
1361
1364
1375
1405
1448
1452
1453
1460

Teflon products:


Talc products:
66
120
158
196
214
215
226
245
344
442
730
753
810
887
895
921
1064
1197
1252
1290
1309
1326
1327
1340
1342
1365
1376
1416
1454

Parabens products:


Glycol products:
1
2
3
4
5
6
8
10
12
14
15
16
17
18
19
21
22
23
24
25
27
28
29
30
34
36
37
38
41
42
43
45
47
48
52
56
57
58
59
61
62
63
64
66
67
68
70
71
72
73
74
77
78
79
80
81
83
84
85
86
87
88
89
92
94
97
99
100
101
102
103
104
105
107
110
112
113
114
115
116
117
118
122
124
127
128
129
130
132
133
134
135
136
137
141
143
144
146
147
148
150
151
153
154
155
157
158
161
162
164
165
167
168
170
171
174
175
176
177
178
179
181
182
184
185
187
188
189
190
192
194
195
196
197
198
200
201
205
207
208
209
212
214
215
216
217
219
220
221
223
224
225
226
227
229
230
232
233
236
238
242
243
245
246
247
248
251
253
254
255
256
259
262
265
267
268
269
270
273
274
275
278
279
281
282
284
285
286
287
289
290
291
292
293
295
296
298
299
300
301
303
304
307
308
311
312
315
316
318
319
320
321
322
323
325
326
328
329
332
333
334
336
337
340
341
342
344
348
349
350
352
354
355
356
357
358
359
360
361
363
365
367
368
369
370
371
372
373
376
377
378
379
380
381
382
383
384
386
387
388
389
390
391
392
393
397
398
399
400
401
402
405
407
409
410
413
414
415
416
417
420
423
424
425
428
429
430
431
432
433
435
437
438
439
440
441
442
443
444
449
452
453
456
458
459
460
461
464
465
468
469
471
472
473
474
475
476
477
478
479
481
482
483
485
486
488
490
491
493
494
495
501
502
503
504
505
506
507
509
510
511
512
513
514
516
520
522
524
525
527
529
530
532
533
535
536
537
538
539
542
543
544
545
546
547
548
551
552
553
555
556
557
558
559
560
561
562
563
564
567
568
570
573
576
579
580
581
582
583
584
586
587
589
590
591
592
593
596
597
598
599
600
601
603
605
606
607
608
609
610
611
612
613
614
616
619
620
621
622
624
625
626
627
628
629
630
631
633
634
635
636
637
638
639
640
641
642
643
645
646
647
650
651
652
654
658
659
662
664
668
669
670
672
674
675
676
677
679
681
682
683
685
686
687
688
689
690
691
692
693
694
695
696
699
700
702
703
704
705
707
708
710
711
712
713
715
716
719
720
721
725
727
728
729
730
731
732
733
734
735
737
738
739
740
741
742
743
744
745
746
747
748
751
752
753
754
757
758
760
761
762
763
764
765
767
768
769
770
771
772
773
774
777
781
783
784
785
786
787
788
790
791
793
794
795
797
798
800
801
802
803
804
805
806
807
808
809
810
811
812
814
815
816
817
819
822
823
824
826
827
828
830
831
834
835
836
838
839
840
842
843
844
845
847
848
849
852
853
854
855
856
857
861
862
863
864
866
867
869
870
871
872
874
876
877
878
880
881
882
883
884
885
886
887
888
889
892
895
898
899
900
901
902
903
904
906
907
908
910
912
913
914
915
916
917
918
919
920
921
922
923
927
928
929
931
932
933
934
935
937
938
939
940
942
944
946
947
948
949
950
951
952
953
957
959
960
961
962
964
966
967
968
969
970
973
974
975
976
977
978
979
980
981
982
983
985
987
988
991
992
993
997
998
999
1000
1001
1002
1004
1005
1006
1007
1009
1011
1012
1013
1017
1018
1020
1021
1025
1026
1028
1030
1032
1033
1034
1036
1038
1039
1040
1041
1043
1044
1045
1046
1047
1048
1049
1050
1051
1052
1053
1054
1055
1056
1057
1058
1060
1061
1062
1063
1064
1066
1067
1069
1070
1071
1072
1073
1074
1075
1076
1077
1078
1079
1080
1081
1082
1083
1085
1086
1087
1088
1089
1090
1091
1092
1093
1094
1095
1096
1097
1098
1099
1100
1101
1102
1104
1105
1106
1107
1108
1109
1110
1111
1113
1114
1116
1117
1118
1119
1120
1121
1122
1124
1125
1126
1127
1128
1129
1130
1131
1132
1133
1134
1136
1137
1138
1140
1141
1142
1143
1144
1145
1146
1147
1148
1149
1150
1151
1152
1153
1154
1156
1157
1158
1163
1164
1166
1167
1169
1170
1171
1172
1174
1175
1176
1177
1178
1179
1181
1183
1185
1187
1188
1190
1192
1193
1195
1196
1197
1198
1199
1201
1202
1203
1206
1208
1209
1211
1212
1214
1216
1217
1218
1219
1220
1222
1224
1225
1226
1230
1232
1233
1234
1235
1236
1237
1238
1239
1240
1241
1243
1244
1245
1250
1251
1252
1254
1255
1256
1258
1259
1260
1261
1262
1264
1265
1266
1267
1268
1269
1272
1273
1274
1275
1276
1279
1280
1281
1282
1283
1285
1286
1288
1289
1290
1292
1293
1294
1296
1297
1298
1304
1307
1309
1310
1311
1312
1313
1314
1315
1316
1319
1320
1322
1324
1326
1327
1328
1329
1330
1331
1332
1334
1335
1336
1337
1338
1339
1340
1341
1342
1343
1348
1350
1352
1353
1354
1356
1357
1358
1360
1361
1365
1367
1370
1372
1375
1376
1377
1378
1380
1381
1383
1384
1386
1387
1389
1390
1391
1393
1394
1395
1397
1398
1405
1406
1407
1408
1410
1411
1412
1414
1415
1416
1417
1418
1419
1420
1421
1423
1426
1427
1428
1429
1430
1431
1438
1439
1440
1443
1444
1446
1447
1448
1449
1451
1453
1454
1456
1459
1461
1464
1466
1467
1468
1470

