Ethanolamine products:


Oxybenzone products:
126
182
234
373
1344
1361
1364
1375
1405
1427
1443
1453

Resorcinol products:
1060

Formaldehyde products:


Diethanol products:


Silane products:
8
24
37
42
73
99
105
134
194
200
286
398
485
495
527
538
581
619
672
687
695
712
715
746
777
785
790
849
871
888
940
948
951
997
1067
1071
1074
1081
1090
1124
1140
1148
1172
1215
1226
1255
1261
1272
1332

Siloxane products:
1209
1274
1276

Octinaxate products:


Parfum products:
5
41
43
49
59
64
71
76
99
100
107
112
128
149
164
165
175
183
189
196
203
217
227
229
230
245
267
287
295
304
323
329
333
338
344
370
380
381
389
400
401
411
420
423
448
472
482
495
501
520
524
525
541
547
550
554
566
570
577
584
598
600
603
610
621
634
637
642
646
674
686
688
700
702
732
739
779
782
788
790
814
816
823
833
834
836
838
841
867
872
874
889
895
899
910
917
919
947
949
952
953
955
976
977
990
993
1036
1039
1042
1050
1070
1095
1097
1109
1118
1125
1129
1152
1158
1167
1201
1225
1251
1286
1338
1376
1384
1388
1430
1468
1470

Fragrance products:
0
3
5
9
12
18
19
20
22
23
24
29
30
31
36
37
40
41
43
45
47
49
52
59
60
61
64
66
68
71
72
73
76
77
78
79
84
87
88
94
96
99
100
101
102
107
112
113
115
120
122
127
128
129
130
131
135
137
146
149
151
162
164
165
167
170
171
174
175
176
177
178
179
180
183
184
187
189
190
196
197
198
201
203
208
209
211
212
214
216
217
219
223
224
226
227
229
230
233
236
238
244
245
247
248
256
262
265
267
269
278
281
285
286
287
290
291
293
295
297
303
304
308
309
315
320
323
326
327
329
331
333
337
338
340
344
348
350
352
355
357
359
361
365
369
370
371
374
379
380
381
382
383
384
389
393
398
399
400
401
405
407
409
410
411
413
420
423
431
435
436
439
440
441
442
444
446
448
456
468
472
473
476
478
482
484
485
486
488
489
494
495
497
499
501
502
503
507
509
514
515
520
522
524
525
526
535
537
540
541
542
545
547
550
554
556
559
564
566
567
570
573
576
577
582
583
584
589
591
592
598
600
601
603
608
610
612
613
619
620
621
623
624
629
634
635
637
640
641
642
643
645
646
648
660
662
669
672
674
677
679
683
686
688
690
692
693
700
702
710
715
717
723
728
730
731
732
734
737
738
739
748
751
753
754
760
761
763
765
779
782
785
788
790
791
797
798
799
802
804
808
811
812
814
816
823
826
830
833
834
836
838
840
848
851
852
853
856
864
866
867
869
871
872
874
879
882
883
884
885
887
888
889
890
893
894
895
896
899
900
901
906
908
910
916
917
919
923
927
931
934
935
940
947
949
952
953
955
957
961
962
963
966
967
968
973
974
976
977
978
980
986
989
990
991
992
993
997
999
1007
1009
1012
1013
1028
1036
1040
1041
1042
1043
1049
1051
1052
1054
1056
1061
1063
1064
1066
1070
1073
1079
1082
1083
1084
1088
1093
1095
1097
1099
1100
1101
1104
1117
1118
1120
1121
1123
1125
1126
1129
1132
1138
1141
1143
1145
1149
1152
1153
1158
1167
1169
1170
1172
1174
1181
1185
1190
1197
1201
1225
1236
1247
1249
1251
1252
1254
1264
1286
1292
1295
1297
1298
1304
1308
1309
1319
1322
1326
1327
1332
1334
1336
1337
1338
1339
1340
1342
1360
1361
1365
1366
1374
1376
1384
1388
1389
1391
1394
1402
1405
1410
1413
1414
1417
1418
1427
1431
1438
1445
1447
1448
1449
1451
1453
1454
1459
1467
1468
1470

Triclosan products:
361

Octinoxates products:


Homosalate products:
25
114
144
161
373
603
1341
1345
1352
1361
1364
1375
1405
1448
1452
1453
1460

Teflon products:


Talc products:
66
120
158
196
214
215
226
245
344
442
730
753
810
887
895
921
1064
1197
1252
1290
1309
1326
1327
1340
1342
1365
1376
1416
1454

Parabens products:


Propylene Glycol products:
10
28
37
42
67
73
81
94
105
112
118
133
146
177
184
194
201
207
215
224
236
269
273
274
279
284
286
293
295
307
323
332
333
350
359
361
369
370
380
381
382
399
400
401
431
475
479
482
485
495
506
510
524
536
538
555
556
568
570
586
599
607
612
631
636
640
647
652
668
681
695
704
713
730
731
733
747
752
772
784
785
805
816
827
839
840
843
855
857
866
869
877
880
884
888
946
957
978
1001
1002
1004
1005
1026
1032
1045
1047
1051
1054
1064
1086
1092
1093
1096
1099
1101
1108
1110
1124
1134
1156
1163
1164
1174
1193
1198
1208
1211
1214
1224
1236
1237
1238
1241
1243
1254
1260
1272
1273
1274
1292
1327
1328
1335
1337
1354
1356
1360
1384
1391
1408
1421
1427
1440
1446
1470

